4294967279,126
4294967279,125
4294967279,122
4294967279,121
4294967279,120
4294967279,119
4294967279,118
4294967279,117
4294967279,116
4294967279,115
4294967279,114
4294967279,113
4294967279,112
4294967279,111
4294967279,110
4294967279,109
4294967279,108
4294967279,107
4294967279,106
4294967279,105
4294967279,104
4294967279,103
4294967279,102
4294967279,101
4294967279,100
4294967279,99
4294967279,98
4294967279,97
4294967279,96
4294967279,95
4294967279,94
4294967279,93
4294967279,92
4294967279,91
4294967279,90
4294967279,89
4294967279,87
4294967279,86
4294967279,85
4294967279,84
4294967279,83
4294967279,82
4294967279,81
4294967279,80
4294967279,79
4294967279,78
4294967279,77
4294967279,76
4294967279,75
4294967279,74
4294967279,73
4294967279,72
4294967279,71
4294967279,70
4294967279,69
4294967279,68
4294967279,67
4294967279,66
4294967279,65
4294967279,64
4294967279,63
4294967279,62
4294967294,12
4294967294,104
4294967294,106
4294967294,166
4294967294,24
4294967294,162
4294967294,1415
4294967278,299
4294967294,472
4294967278,298
4294967279,268
101,5
4294967278,265
101,4
101,3
101,2
101,1
4294967278,280
4294967279,262
4294967279,278
4294967279,258
4294967278,278
4294967279,336
100,6
4294967279,257
100,5
4294967278,324
100,4
4294967279,334
100,3
100,2
100,1
4294967278,531
4294967279,333
4294967278,530
4294967294,430
4294967279,383
4294967278,529
99,5
4294967278,525
99,4
4294967278,254
99,3
99,2
99,1
4294967279,251
4294967278,253
4294967279,250
4294967278,326
4294967278,306
4294967278,542
4294967279,347
4294967279,385
98,4
98,3
98,2
98,1
4294967278,224
4294967278,227
4294967278,220
4294967279,219
4294967278,215
4294967278,323
4294967279,323
4294967278,522
4294967278,521
4294967279,322
4294967279,382
4294967278,557
4294967279,360
4294967279,381
4294967278,321
4294967279,379
4294967279,380
4294967278,519
4294967278,320
4294967278,518
4294967279,378
4294967278,201
4294967294,922
4294967294,916
4294967294,421
4294967294,112
4294967294,467
4294967278,574
4294967279,319
4294967278,199
95,6
4294967278,515
95,5
4294967279,196
95,4
95,3
95,2
95,1
4294967279,356
4294967279,191
4294967278,552
4294967279,355
94,5
4294967278,188
94,4
94,3
94,2
94,1
4294967278,184
4294967278,181
4294967279,179
4294967278,179
93,4
93,3
93,2
93,1
4294967278,175
4294967279,175
4294967279,306
4294967278,310
4294967278,169
4294967278,168
4294967279,375
4294967279,302
4294967278,305
4294967278,304
4294967279,301
4294967278,543
4294967279,300
4294967278,571
4294967279,345
4294967279,374
4294967278,570
4294967279,373
4294967278,535
4294967278,274
4294967278,272
4294967278,297
4294967279,337
4294967279,157
90,4
90,3
90,2
90,1
4294967278,567
4294967279,291
4294967278,151
4294967279,299
4294967279,151
4294967279,150
4294967278,566
89,6
89,5
4294967279,145
89,4
89,3
89,2
89,1
4294967278,287
4294967279,141
4294967279,339
88,5
4294967278,138
88,4
88,3
88,2
88,1
4294967279,370
4294967279,270
87,4
4294967278,268
87,3
87,2
87,1
4294967294,401
4294967294,161
4294967278,266
4294967279,283
4294967279,265
4294967279,264
4294967278,264
4294967279,294
4294967278,279
4294967279,261
4294967278,262
4294967278,534
4294967294,409
4294967294,407
4294967294,422
4294967294,403
4294967294,454
4294967294,109
4294967294,466
4294967294,160
4294967278,533
4294967278,327
4294967278,0
4294967279,335
4294967279,254
4294967279,367
4294967278,527
4294967279,363
4294967279,330
4294967279,364
4294967278,250
4294967278,252
4294967279,129
4294967279,128
4294967279,127
4294967279,124
4294967279,123
4294967278,249
4294967278,247
4294967279,247
4294967279,245
4294967278,243
4294967278,240
4294967279,240
4294967279,241
4294967279,238
4294967278,237
4294967278,236
4294967278,230
84,5
4294967279,234
84,4
4294967278,232
84,3
84,2
84,1
4294967279,232
4294967278,228
4294967279,228
4294967278,226
4294967279,226
4294967294,115
4294967278,218
83,6
4294967294,387
4294967278,216
4294967278,217
4294967279,217
4294967279,215
83,5
83,4
83,3
83,2
83,1
4294967278,520
4294967278,210
4294967279,211
4294967279,321
4294967278,322
4294967278,556
82,5
82,4
4294967279,206
82,3
82,2
82,1
4294967278,204
4294967279,205
4294967279,203
4294967278,575
4294967278,573
4294967278,198
4294967279,199
4294967278,197
4294967278,195
81,4
81,3
81,2
81,1
4294967278,572
4294967279,197
4294967279,195
4294967278,193
4294967279,194
4294967279,193
4294967278,191
4294967279,190
4294967278,190
4294967278,189
4294967279,189
4294967279,188
4294967278,186
4294967278,185
4294967278,183
4294967278,319
4294967278,318
4294967279,178
4294967279,313
4294967278,316
4294967278,38
4294967278,37
4294967278,36
4294967278,35
4294967278,34
4294967278,33
4294967278,32
4294967278,31
4294967278,30
4294967278,29
4294967278,28
4294967278,27
4294967278,26
4294967278,25
4294967278,24
4294967278,23
4294967278,22
4294967278,21
4294967278,20
4294967278,19
4294967278,18
4294967278,17
4294967278,16
4294967278,15
4294967278,14
4294967278,13
4294967278,12
4294967278,11
4294967278,10
4294967278,9
4294967278,8
4294967278,7
4294967278,6
4294967278,5
4294967278,4
4294967279,132
4294967279,131
4294967279,130
4294967279,30
4294967279,29
4294967279,28
4294967279,27
4294967279,26
4294967279,24
4294967279,23
4294967279,21
4294967279,20
4294967279,19
4294967279,18
4294967279,17
4294967279,15
4294967279,13
4294967279,11
4294967279,10
4294967278,312
4294967294,182
4294967294,969
4294967294,901
4294967278,171
4294967279,172
4294967278,170
4294967279,171
4294967279,170
4294967278,307
78,6
4294967279,165
78,5
